61.76782134060184
32.70230364492523
26.7905701444896
25.648298951177637
18.728914449143307
17.001925120537884
17.49845409802613
14.377421796577682
14.851982294745712
13.51998117553318
11.608862856426976
11.863151990292922
10.115486984089209
10.63424693668349
10.510336425683018
10.080910864817739
9.779272171560788
9.181551400172353
8.545770441513717
8.160964448052926
8.13581413260857
8.568317771469575
8.214792322191558
7.8948200935969535
6.9863775963435355
7.393769833151363
6.953697423566564
6.996863354940783
6.456166534464758
6.65133430108492
6.851905811498093
6.443705702032654
6.367064286710878
6.112019273856167
5.526542800690483
5.878692529743833
6.405139356212043
5.709702353620734
5.974498366081663
5.833239853126297
5.203032118056465
5.120460357788806
5.5538459581366935
5.13901237663793
5.370277159203787
5.320353203065405
5.325956629069578
4.949960310571695
5.3765615823442845
5.16080659858147
4.807797813620178
5.32260634561465
4.902465660172982
4.407139954137188
4.880663365765191
4.918670432250387
4.7737650564300145
4.0798581470235735
4.688681356896658
4.233096976136957
4.250188003793807
4.411090621109173
4.381902875818408
4.376054383142823
4.504644554572044
4.58160947064985
4.126084799930261
4.526836394240416
4.5407130861487
3.6538414975604274
3.575623119337876
4.048803431793344
4.042755170953121
3.7805175453808175
3.9912901866077863
3.8086206805552534
4.063223296480629
3.883216526886936
3.5928531532123875
3.8035523200751373
3.447416718937297
3.796089740270197
3.507524830077339
3.868755816901702
3.784556964947942
3.5264890393474073
3.9820011153241595
3.5686592948283247
3.5119635675086482
3.54583143522811
3.489988601258896
3.4254601370111555
3.360846782446931
3.160625796972938
3.25938207038994
3.260087770965478
3.0212661902791953
3.5519372199226344
3.4993088930973166
3.1679125497269527
3.3270058908176012
3.265436276857433
2.9067081775788073
2.946260458410042
3.195726703676543
2.988065897650985
3.0824103907965794
2.9936916111876526
2.8563912006918453
2.7043386912652863
2.9350281784974452
2.4480166312451015
2.922186584431726
3.2456943170195487
2.8378652226771406
2.9032580443206264
2.775332288169042
2.5562914543397435
2.996144887203822
2.7775823241139688
2.5538669282274697
2.8666601390797695
2.8158681668948717
3.0430795583602186
2.7594622112650726
2.5107643394511143
2.8459652273440055
2.6041725792086687
2.375197546676505
2.7251664487077445
2.4997904791852434
2.5050356070882773
2.415179766298875
2.838451350195725
2.43971440925107
2.633481169463227
2.656096852388505
2.6975406832961055
2.705557592948619
1.9873670835863366
2.6003465539907693
2.45443727376635
2.4884777555138258
2.4764382782923815
2.2910214826272792
2.5859566093002777
2.2493759859273363
2.425560480535286
2.287481192355504
2.076759955402096
1.96408352729077
2.294121734574117
2.588090045769327
2.2072634783937186
2.0364157503766562
2.045092041911997
1.855256802022713
1.777901668916956
1.8801634618652736
1.9123400188822604
1.8446700301804768
1.8577076570158864
1.70551824365051
1.9041756140827621
1.8253757528992682
1.5352823110097467
1.6772149872882172
1.7048370147467682
1.521134884572336
1.3897018335407896
1.485848577749064
1.4723642747289634
1.5071481440711942
1.4364032730012493
1.5617921751456199
1.3099606272488704
1.6021856125843883
1.4785741281100098
1.389273993958731
1.539755801786169
1.5777154843694663
1.7530938499475242
1.468566939554501
1.6046861814326994
1.6558641246460026
1.5384617445294948
1.5641474667536854
1.6839727378198517
1.4044975016761747
1.4933575304792674
1.4276227081282455
1.3881222720821529
1.5560244961357936
1.2301163939447362
1.4649539827788849
1.5485860620957075
1.4215266771070947
1.5088228974731184
1.335257586491466
1.561682368041108
1.4364946103402985
1.3856069964912316
1.240196687469155
1.3740933437715783
1.312211385612324
1.4364653830876166
1.4916761177292197
1.495881234115797
1.5226463273871098