95.45949855603669
43.845325018230234
41.77112810235275
40.9574882607711
41.21069325898823
37.65980750636051
34.933585367704694
34.145100593566895
38.95364169070595
36.30215378811485
32.40891878228439
31.800425454189902
34.35556045331453
31.030933480513724
34.42676727395309
28.058975069146406
31.41893996690449
28.87570406261243
30.288195986496774
27.41333125766955
30.61608264320775
21.116491142072174
25.077833025079023
25.879036802994577
25.578448182658146
22.582538780413177
23.737576484680176
22.13174466082924
20.33673421960128
23.684809057336103
19.57522071035285
22.180005776254756
18.816178359483416
19.636580918964587
18.270164188585785
18.975119967209665
18.36537160371479
20.83404116881521
20.61561622117695
18.226770175130742
17.403811366934526
19.308387028543574
17.833979995627153
17.893195290314523
19.763334274291992
17.385788315220882
18.275248201269854
18.13439137057254
16.65821113084492
18.373059937828465
11.756310111597964
10.657642866435804
9.446325468389611
7.571520479101884
7.526540266840081
11.679389464227777
10.644079534631027
9.635910925112272
8.284189686963433
8.481850404488412
7.235688416581405
8.300396636912698
7.574543388266313
7.79448053711339
11.759451314022666
11.466402568315205
11.002030799263402
10.35468001742112
8.936096567856637
7.107467419222782
7.584082722663879
7.891285002231598
11.729514460814627
10.790398001670837
8.450830490965592
7.503333085461667
7.264805561617801
7.5828462274451
7.434830643628773
7.175881824995342
6.708972108991523
6.91910698382478
7.061999521757427
7.286620547896938
7.0633245267366105
7.046562006599025
7.603513956069946
6.793895483016968
6.560720158250708
7.484686398192456
7.119292369014339
6.675952180435783
7.407377443815532
7.199124069590318
6.816383079478615
7.044509385761462
6.984356510011773
6.183005182366622
6.20646363810489
6.129410153941104
6.7191875671085555
6.677272937799755
7.02188136389381
6.560603079042937
6.501788581672468
6.039294057770779
6.724882085072367
6.5275286185114005
6.874353678602922
6.95637163363005
5.938486576080322
6.688906619423314
6.598179829748053
11.763155115278144

15.30126520142938
12.247733312801723
11.011878593124612
10.540282743690657
10.587860502465798
10.249703852799687
10.525646696995645
10.575465639142225
10.424169760550896
10.46017407500831
10.165432550611287
9.958562001694728
10.172697245639606
10.24218446407875
9.98054075415117
9.457034773200098
9.325907168597201
9.015861680907925
8.94234398594738
8.598061138260974
8.63864317036023
8.34933655148875
8.585244314513938
8.407343911428521
8.370764015364822
8.329496499395718
8.220245504031217
8.132677065412494
7.918876573987251
8.208976847847012
8.094319988341226
7.645221934048799
8.01284279179399
7.895403104106875
7.926600215208792
7.817366620049859
7.700024499075256
7.500719073044992
7.699525348461457
7.629976291943641
7.779975925048772
7.383409899951768
7.214816560275363
7.446263596959358
7.0200005795833835
7.396341708889843
7.3031832286476215
7.25150784328036
7.217658818638237
7.047100002748253
7.381487938609436
6.896390522918562
7.054769018270673
7.03455351608513
6.743100457382898
6.726091660939864
6.652650670631089
6.630335036420474
6.770217122822783
6.366828719847394
6.603702119667164
6.4740948925053114
6.479684705499315
6.283199092332464
6.103312000741053
6.008923258224543
5.852069412487267
6.321192737478409
6.155671332004297
6.2170441235504015
6.17808782728049
5.845235006217539
5.923746656762423
5.927317094411293
5.86786426244861
5.725537060168538
5.884949004998172
5.5763849946704225
5.4452437144996475
5.537870679023492
5.468971510655688
5.513435537580156
5.298333493027374
5.375467813798111
5.214247422931838
4.989545919599324
5.2038986206489755
4.793462153768887
5.320050866064364
4.924378478179013
5.064019586700592
5.008148957125462
4.946401979583893
4.606434000669605
4.658872331580977
4.77376620134298
4.680258158349643
4.5843249829146115
4.604467459838756
4.592151748437951
4.462574728431493
4.414378324564356
4.421723180661236
4.34143848206005
4.428670205339028
4.0405852716334545
4.185372696305714
3.8321642927879833
4.000402574339052
3.908179923565718
3.9534121238402204
3.96353202188102
3.7289503917206814
3.795885034721263
3.832089839407997
3.5874205860343293
3.8586119400323744
3.606734802688125
3.67549810422598
3.460154755707205
3.54731096229414
3.492333751307787
3.516660661810506
3.39696156217234
3.2926048225294933
3.341874877466773
3.0327485795438727
3.147328484014873
3.0280717783165674
3.0968225707102865
3.0190689679044875
3.116526049636576
3.0859339010976528
2.992683158956305
2.8951752505598276
2.9115645537411208
3.0124461594289236
2.7299139747654433
2.7512075533397007
2.6024242519897265
2.544124259130798
2.782933119874801
2.662958954372545
2.5563990702159214
2.539400178368074
2.4833846466384664
2.6607433661927273
2.3895804829841114
2.3660023651853965
2.2498049076891293
2.23190575838089
2.3761658918683546
2.322289940867111
2.136059707098634
2.166963504831286
2.2086440683716404
1.9289631528140854
2.1351610844152686
1.8418269585954012
1.9704458667849103
2.126574562413849
1.775010074142122
1.902566436215909
1.8279266805544387
1.9706803706005542
1.8850953622456015
1.8480373912484107
1.7234515132260149
1.6738961774067287
1.754332676638652
1.8533239538652184
1.5976934524348183
1.7042733080630754
1.6676629087785735
1.6814217465202304
1.594572112725599
1.5681202355092458
1.764330846984891
1.5791598386573096
1.465706835480502
1.551979379062235
1.6289792578585827
1.5824020711609916
1.5070831079552645
1.553017846206679
1.344518556429522
1.368226491621811
1.3367487873039106
1.3391035623358984
1.3010097191716632
1.3787993495046658
1.250241374447398
1.4313132216895583
1.4426433335255533
1.1325858063506384
1.289290874326316
1.2701131098896918
1.2049712057966386
1.2923218975537014
1.1657323524029586
1.073496109595264
1.2484750121179289
1.1544011966155394
1.07527964524109
1.2743082431546093
1.2660399407800966
1.251181388858461
1.1786121619443823
1.052949692428547
0.9567486302260935
1.0212484136985167
0.924165582352311
1.1510056483484532
0.9259595403271
0.9338133389497325
0.9532919602237478
0.7902054969411697
0.9228739755867171
0.7782158623211575
0.7347453423660167
0.8539298922911177
0.8318296744875664
0.9348730275230687
0.8044069609502806
0.7511020307123226
0.8639438208872384
0.7817445101529142
0.792718877975088
0.7690821694631647
0.8177581266330106
0.7515280137967019
0.6924043484847912
0.7744018159208507
0.7716317446562495
17.15909574902247
14.1678177742731
13.469665591678922
13.031607313761635
12.481124416230218
12.662833232728262
11.935423862366449
11.653044390299964
11.546287718273344
11.279375922112237
11.320618065576705
11.004818129161048
10.93353205256992
10.080560248995583
10.431611571993146
9.799801313687885
9.123399918041532
9.045770225070772
9.319282836384243
9.148255853425889
8.296998604895576
8.88711949189504
7.829452274337648
8.00512379124051
7.907916209054371
7.5605814684005015
7.193579626461816
6.937109203565688
6.873953382174174
6.474000363122849
6.29877615400723
6.395617468016488
6.132988985095706
5.665426388619438
5.330628834073505
5.284667312152802
5.305783968123179
5.139151498911873
4.70518002197856
4.615297060637247
4.343882972758914
4.419328173001607
4.465003706160045
4.070411667937324
4.09239582693766
3.702484365493532
3.6073373177694896
3.291450253554753
3.170173164397951
2.9374165927606914
2.938077094535979
2.790583590666453
2.7288829707910143
2.572205626302295
2.375222494677892
2.546717870803106
2.296872653185375
2.0223534982355815
1.8983072496595836
1.8598514620273832
1.984736268482511
2.0592201020982532
1.891495684782664
1.8063454935475
1.5254827969604068
1.3857393307345254
1.5879503105367934
1.3289118726102134
1.7704074808529444
1.3983797904044863
1.2735996672085352
1.1818428498411935
1.129716730307019
1.4643835879507519
1.2125809017627958
1.1306586587239826
1.349833503602043
1.080354354684315
1.0714812548387618
0.8909436577842349
0.9528344798655737
0.9569297759305864
1.1100068101807246
0.8629219319139209
0.7347023482360537
1.0053806068405273
0.7822612169243041
0.7892820125534421
0.8945469676502167
0.8137071213078877
0.9475363308475131
0.7215176787641313
0.6184680263201395
0.7340479109968457
0.7395193240945301
0.6196992510841006
0.8077205296546693
0.7582220099275074
0.5373197514859457
0.5044468404754759
0.4642699171626379
0.67225743049667
1.1241025082648746
0.9545632482521118
0.5296231096699124
0.47563198539945817
0.6472406486670176
0.6069880028565725
0.5352976468820421
0.6100680071210104
0.614737954404619
0.49859801171317936
0.6135027545785147
0.4997155912338741
0.48545181420114303
0.5708735339225285
0.5184888423435272
0.38738525859893314
0.5136083690893083
0.6116193911385914
0.5263519930461097
0.4250129163265228
0.4244229145466335
0.5260954636429983
0.5262717003860171
0.39511691672461374
0.47982133995919
0.3992775527257768
0.6696613123492589
0.3969470943723406
0.46095544052502463
0.33833285456611994
0.4441253576013777
0.5984080273007589
0.504889156137194
0.46852655259389725
0.4705991418588729
0.31787211175948854
0.2733522681962876
0.25863646609442575
0.3995184694963788
0.6287959038265167
0.39759653049802024
0.4072924464467972
0.3009921634008014
0.4170594229584649
0.6263257908442664
0.35522558433668955
0.312418436247205
0.2326051876658485
0.4106564744124337
0.35052995076255195
0.3903866973188188
0.2982762209952824
0.3231674943651472
0.21497992343372768
0.34323697951104903
0.20391863253381518
0.43347982849393574
0.21501896684131924
0.24690311957919409
12.88537152103338
12.926973129054288
14.561790325616872
14.592923938609072
11.611800366374291
10.923606990238625
10.389413148292187
10.020749292798936
9.648770953870503
9.45076530578301
9.15642686078078
8.95689505793805
8.75829520543028
8.473004686300829
8.288679135705031
8.031923316860606
7.857567318671348
7.7700711643834195
7.512832880420661
7.28646041073301
7.0864807554840965
6.801706812734202
6.756508909243232
6.458476570916744
6.386913143394193
6.1754904441448994
5.999512758426865
5.769052922215925
5.653553930374639
5.384833761410664
5.366591943679383
5.258414092883878
4.92553530881954
4.7854846803313285
6.9555833901318795
8.762186813922156
8.455498968725239
8.198738320552094
7.820022798137641
7.765419730045566
7.425916159982647
7.36322397597689
7.281501564132425
7.036067062609071
6.673956718928066
6.42076691937825
6.325526565276951
6.068899523207556
5.963425713581043
5.770481578450791
5.610493440695007
5.428252840435112
5.298750309425978
5.1017926264012985
5.001260369033604
4.7350321716295785
4.725182185024569
4.485916306757082
4.386478159162733
4.362652975924868
4.159410931251862
3.9543907249366845
3.8318685138909663
3.9651161179728853
3.738036002213265
3.5401757662986224
3.3545031342314275
3.383699024989928
3.2814987195571557
3.200906548962925
3.1812062668858574
3.003085332912403
2.961857982898661
2.865193172688886
2.664481841600858
2.6824459146085093
2.573611532448267
2.4208840436696715
2.3583520911406537
2.2857278597806108
2.453251402311127
2.2624911114264177
2.2034391489366616
1.9733935008701096
2.1667540282265754
2.018377392647176
1.881788240320371
1.9237692363387353
1.8522131580572863
1.8342333631783323
1.7511743310752514
1.7472232909866305
1.6462518663051218
1.6018931776176006
1.612470702228383
1.5878848803203476
1.5524715701156775
1.504915400739118
1.465931390522455
1.4246250880070221
1.4554354258800455
1.316571837816483
1.2681578562955425
1.2553474651297079
1.2498523095879654
1.3431597450277308
1.184956241439987
1.2223007198655125
1.1797935654828837
1.1065581561735989
1.1865652489574838
1.1061215894126193
1.072926864737556
1.0640876604669405
1.0180070722641672
1.002262069628789
0.9857840655924199
1.0079199843499833
0.9675675807418403
0.9701503234322982
0.8745486743575341
1.006623980472085
0.9371502419822236
0.8732307786906596
0.8856417650995965
0.9038613931308881
0.8184540321247628
0.9412821264202924
0.8213647081447317
0.8906231921379965
0.86848769956456
0.8103266361286643
0.7819465172450912
0.8688352720786946
0.7497866427359855
0.6977057484625605
0.7856461132839049
0.7556189969636873
0.7107763529114962
0.7841160841768332
0.7272526755728855
0.6530831895031772
0.710124519791213
0.6513786650693751
0.769012884197072
0.6017994915609395
0.635819610294696
0.716153211937137
0.6526311669448648
0.6360890866781475
0.6063018430283654
0.6364760483286466
0.6468144853182037
0.5807307227918371
0.651517643159999
0.6493829905768453
0.6123457149999336
0.6374990652623486
0.5662148158192198
0.5554145302382435
0.6082026347135886
0.5271309637470268
0.537521023744483
0.5214923693729117
0.6220015801935115
0.599787087230892
0.5150371463889749
0.6075281166768336
0.5035670855979779
0.5449103750879802
0.6108137431744399
0.5069437456363869
0.5942846996589167
0.4782460208923098
0.552307312305157
0.4935562444693876
0.5119813025652707
0.495951572471777
0.5935929188361535
0.44587936244168125
0.4512655599650009
0.5360026151414902
0.4788208569653596
0.4818886281224252
0.506651333109072
0.461452323292929
0.49883256304977286
0.4728639696398352
0.4237075144554669
0.4384230204990932
0.4526371073810172
0.4310153092511262
0.4365871882700658
0.4655167527396746
0.4392093370540093
0.48489055426857264
0.4773521491750547
0.4724106667824863
0.46211305169686584
0.42951917473649803
0.4034942023192279
0.40291349689893524
0.4045530944807917
0.42838543908208865
0.40883215355785774
0.4570426146189372
0.4140451439134367
0.45548986107729583
0.4188387779671339
0.3770289969822717
0.42209317818083897
0.4704379426254021
0.4281957603636242
0.39747904217432417
0.43087213219886006
0.3129196514867892
0.4665078568080115
0.4271392405979217
0.41997344153267996
0.34498786969935935
0.33325135693299757
0.40691937908293707
0.3975731160614517
0.3501275834583101
0.3470442022887196
0.3894388042526804
0.4209394756254259
0.36945473994964206
0.37815197716411364
0.37113232257456424
0.40524978224319996
0.3651897932001377
0.32466307227864805
0.3957282240719731
0.36881718428871424
0.32124695862314784
0.3473282218416095
0.3326657289987082
0.32982841676262564
0.3828151226043701
0.33855758394513813
0.35635818229926813
0.39042787528591133
0.3532883989941943
0.40440566184610965
0.38079579809500913
0.31212894005362074
0.3379496120562338
0.3420952840893551
0.363998368982867
0.31339300508464213
0.3138023430028969
0.3988507005030128
0.27500435269650375
0.3171620360224238
0.32866720460418963
0.34104779249873646
0.37175185951121126
0.3200591946696187
0.3246475848231706
0.37062616720886604
0.2684977670292278
0.3351065017947056
0.2742300503710978
0.3395142721169161
0.3645273190860492
0.29550178656502374
0.32348094129154825
0.2964007046633151
0.29413188784695954
0.2982740003401834
0.3034510124879588
0.3408627852124318
0.2894115303898906
0.34497096614232137
0.28694461495302825
0.352697806189494
0.28280382962745043
0.38886875561887674
0.30298525546205496
0.28967498859643065
0.30786832275553644
0.287192731695443
0.2677593379666954
0.31246448698497953
0.2485950405053312
0.33009380065768923
0.27472735921396296
0.3448856058865968
0.25567612921653066
0.2544311909448533
0.29379889656481434
0.33291406334538165
0.2609941524172586
0.2567948549803942
0.24752746149442717
0.34326606996184594
0.2957762645714449
0.2543426309604202
0.25997277857765316
0.28767798002240713
0.2747387265984392
0.2683700705913688
0.2976778651040698
0.25653312538133
0.2498680032944359
0.30389539939288834
0.3599260140105773
0.23319598009880355
0.26966708178048604
0.31035980753264003
0.29429290058848623
0.2230652646412925
0.261678528581929
0.24121009764944967
0.2565403921991332
0.20802900497147742
0.34065194851895103
0.2621597825971424
0.26820553629971833
0.2319754193262885
0.3068327621371464
0.26699323575575273
0.2583656581766876
0.21804416368878077
0.30830966378306296
0.2517116065427061
0.20909652939937345
0.23860061758167142
0.22466377926687908
0.256831207845965
0.2845338386493725
0.2600805399909852
0.2307455552803291
0.21832151945694026
0.12796288575881568
0.11902872051802602
0.1446647591643281
0.136835728518401
0.14968765480614407
